0.5  0.5  0.5  1.0  1.0  13.643695002312763
0.5000000149011612  0.5  0.5  1.0  1.0  13.643695002041925
0.5  0.5000000149011612  0.5  1.0  1.0  13.643695017551133
0.5  0.5  0.5000000149011612  1.0  1.0  13.64369501824168
0.5  0.5  0.5  1.0000000149011612  1.0  13.643695010371038
0.5  0.5  0.5  1.0  1.0000000149011612  13.6436950102499
0.5110399048558217  -0.12114779108649598  -0.14929589910500962  0.6715278574692454  0.6764657218843539  12.05002869448407
0.5110399197569829  -0.12114779108649598  -0.14929589910500962  0.6715278574692454  0.6764657218843539  12.0500286912499
0.5110399048558217  -0.12114777618533479  -0.14929589910500962  0.6715278574692454  0.6764657218843539  12.050028708841154
0.5110399048558217  -0.12114779108649598  -0.14929588420384843  0.6715278574692454  0.6764657218843539  12.050028708904543
0.5110399048558217  -0.12114779108649598  -0.14929589910500962  0.6715278723704066  0.6764657218843539  12.05002870156456
0.5110399048558217  -0.12114779108649598  -0.14929589910500962  0.6715278574692454  0.6764657367855151  12.050028698045912
0.853131407426486  -1.538018139211232  -1.567904388238865  -0.023293848827840025  0.3550836876952885  10.378476146987094
0.8531314223276472  -1.538018139211232  -1.567904388238865  -0.023293848827840025  0.3550836876952885  10.378476155670441
0.853131407426486  -1.5380181243100708  -1.567904388238865  -0.023293848827840025  0.3550836876952885  10.37847614725887
0.853131407426486  -1.538018139211232  -1.5679043733377038  -0.023293848827840025  0.3550836876952885  10.378476148165884
0.853131407426486  -1.538018139211232  -1.567904388238865  -0.02329383392667883  0.3550836876952885  10.378476144645969
0.853131407426486  -1.538018139211232  -1.567904388238865  -0.023293848827840025  0.35508370259644967  10.378476144560821
0.3803121359037385  -1.6727577334791786  -1.751087343121097  0.0734586168453069  0.5382321778585093  10.096289036749031
0.3803121508048997  -1.6727577334791786  -1.751087343121097  0.0734586168453069  0.5382321778585093  10.09628903968098
0.3803121359037385  -1.6727577185780174  -1.751087343121097  0.0734586168453069  0.5382321778585093  10.096289037669338
0.3803121359037385  -1.6727577334791786  -1.7510873282199357  0.0734586168453069  0.5382321778585093  10.09628903847662
0.3803121359037385  -1.6727577334791786  -1.751087343121097  0.07345863174646809  0.5382321778585093  10.096289033071802
0.3803121359037385  -1.6727577334791786  -1.751087343121097  0.0734586168453069  0.5382321927596705  10.096289031104988
-0.429313118393087  -2.0117782634428916  -2.22883828179508  0.4606232679038316  1.168825400885149  9.632885599782686
-0.4293131034919258  -2.0117782634428916  -2.22883828179508  0.4606232679038316  1.168825400885149  9.632885592277155
-0.429313118393087  -2.0117782485417304  -2.22883828179508  0.4606232679038316  1.168825400885149  9.632885603008837
-0.429313118393087  -2.0117782634428916  -2.2288382668939186  0.4606232679038316  1.168825400885149  9.632885602240357
-0.429313118393087  -2.0117782634428916  -2.22883828179508  0.4606232828049928  1.168825400885149  9.632885593117784
-0.429313118393087  -2.0117782634428916  -2.22883828179508  0.4606232679038316  1.1688254157863103  9.63288558972493
-1.6471368084652809  -2.7473141570795216  -3.138116204181518  1.3495582354661717  2.4172844173732115  8.760092720297793
-1.6471367935641197  -2.7473141570795216  -3.138116204181518  1.3495582354661717  2.4172844173732115  8.760092706103059
-1.6471368084652809  -2.7473141421783605  -3.138116204181518  1.3495582354661717  2.4172844173732115  8.760092726744167
-1.6471368084652809  -2.7473141570795216  -3.138116189280357  1.3495582354661717  2.4172844173732115  8.76009272373447
-1.6471368084652809  -2.7473141570795216  -3.138116204181518  1.349558250367333  2.4172844173732115  8.76009271255537
-1.6471368084652809  -2.7473141570795216  -3.138116204181518  1.3495582354661717  2.4172844322743727  8.760092708827543
-3.8505601775273943  -4.420839060515186  -5.003931079883369  3.0650622100600464  4.776940633359847  7.203986300332983
-3.850560162626233  -4.420839060515186  -5.003931079883369  3.0650622100600464  4.776940633359847  7.203986269520354
-3.8505601775273943  -4.4208390456140245  -5.003931079883369  3.0650622100600464  4.776940633359847  7.20398631161325
-3.8505601775273943  -4.420839060515186  -5.003931064982208  3.0650622100600464  4.776940633359847  7.203986307878969
-3.8505601775273943  -4.420839060515186  -5.003931079883369  3.0650622249612076  4.776940633359847  7.203986288731066
-3.8505601775273943  -4.420839060515186  -5.003931079883369  3.0650622100600464  4.776940648261008  7.203986285047641
-7.5455018314045414  -7.4999002932887695  -8.545012324262352  6.186956369998523  8.899626773754035  3.947451412614556
-7.54550181650338  -7.4999002932887695  -8.545012324262352  6.186956369998523  8.899626773754035  3.9474513701082956
-7.5455018314045414  -7.499900278387608  -8.545012324262352  6.186956369998523  8.899626773754035  3.9474514268253573
-7.5455018314045414  -7.4999002932887695  -8.54501230936119  6.186956369998523  8.899626773754035  3.9474514290968985
-7.5455018314045414  -7.4999002932887695  -8.545012324262352  6.186956384899684  8.899626773754035  3.9474514083209193
-7.5455018314045414  -7.4999002932887695  -8.545012324262352  6.186956369998523  8.899626788655196  3.9474513901939563
-22.325268446913128  -19.816145224383103  -22.709337301778287  18.67453300975243  25.390371335330787  -7.154007262915932
-22.325268432011967  -19.816145224383103  -22.709337301778287  18.67453300975243  25.390371335330787  -7.154007261115904
-22.325268446913128  -19.81614520948194  -22.709337301778287  18.67453300975243  25.390371335330787  -7.154007252285139
-22.325268446913128  -19.816145224383103  -22.709337286877126  18.67453300975243  25.390371335330787  -7.154007260983486
-22.325268446913128  -19.816145224383103  -22.709337301778287  18.67453302465359  25.390371335330787  -7.154007248057434
-22.325268446913128  -19.816145224383103  -22.709337301778287  18.67453300975243  25.39037135023195  -7.15400725100516
-15.056102522190546  -13.758618721920982  -15.742865424934466  12.532740046877748  17.279691271240143  -3.4211911032385025
-15.056102507289385  -13.758618721920982  -15.742865424934466  12.532740046877748  17.279691271240143  -3.421191136376741
-15.056102522190546  -13.75861870701982  -15.742865424934466  12.532740046877748  17.279691271240143  -3.4211910881274337
-15.056102522190546  -13.758618721920982  -15.742865410033305  12.532740046877748  17.279691271240143  -3.421191075864919
-15.056102522190546  -13.758618721920982  -15.742865424934466  12.53274006177891  17.279691271240143  -3.421191091706286
-15.056102522190546  -13.758618721920982  -15.742865424934466  12.532740046877748  17.279691286141304  -3.4211911202377294
-20.718497311452367  -18.477193983313974  -21.169473437941804  17.316955571719234  23.597592528120487  -7.835195021258117
-20.718497296551206  -18.477193983313974  -21.169473437941804  17.316955571719234  23.597592528120487  -7.835195021093964
-20.718497311452367  -18.477193968412813  -21.169473437941804  17.316955571719234  23.597592528120487  -7.83519500773564
-20.718497311452367  -18.477193983313974  -21.169473423040643  17.316955571719234  23.597592528120487  -7.83519501386309
-20.718497311452367  -18.477193983313974  -21.169473437941804  17.316955586620395  23.597592528120487  -7.835195006603605
-20.718497311452367  -18.477193983313974  -21.169473437941804  17.316955571719234  23.597592543021648  -7.83519501658428
-25.80188070735943  -23.750160952610326  -26.7215565231562  20.277733538602075  28.922634008332487  -3.7168183611764176
-25.80188069245827  -23.750160952610326  -26.7215565231562  20.277733538602075  28.922634008332487  -3.716818361085178
-25.80188070735943  -23.750160937709165  -26.7215565231562  20.277733538602075  28.922634008332487  -3.7168183604874483
-25.80188070735943  -23.750160952610326  -26.721556508255038  20.277733538602075  28.922634008332487  -3.7168183611393797
-25.80188070735943  -23.750160952610326  -26.7215565231562  20.277733553503236  28.922634008332487  -3.7168183462753466
-25.80188070735943  -23.750160952610326  -26.7215565231562  20.277733538602075  28.92263402323365  -3.71681834638261
-21.512113315614183  -19.300407707389866  -22.03626267056391  17.77919117275216  24.428936106282308  -8.093610865731542
-21.512113300713022  -19.300407707389866  -22.03626267056391  17.77919117275216  24.428936106282308  -8.093610863860597
-21.512113315614183  -19.300407692488704  -22.03626267056391  17.77919117275216  24.428936106282308  -8.093610853688697
-21.512113315614183  -19.300407707389866  -22.03626265566275  17.77919117275216  24.428936106282308  -8.093610862050813
-21.512113315614183  -19.300407707389866  -22.03626267056391  17.77919118765332  24.428936106282308  -8.093610850929883
-21.512113315614183  -19.300407707389866  -22.03626267056391  17.77919117275216  24.42893612118347  -8.093610857137188
-21.445088072976954  -19.47033015672293  -22.107283441122025  17.47953829541499  24.293883570770817  -8.610521566238111
-21.445088058075793  -19.47033015672293  -22.107283441122025  17.47953829541499  24.293883570770817  -8.610521564633281
-21.445088072976954  -19.47033014182177  -22.107283441122025  17.47953829541499  24.293883570770817  -8.61052155460165
-21.445088072976954  -19.47033015672293  -22.107283426220864  17.47953829541499  24.293883570770817  -8.61052156268556
-21.445088072976954  -19.47033015672293  -22.107283441122025  17.47953831031615  24.293883570770817  -8.610521551429265
-21.445088072976954  -19.47033015672293  -22.107283441122025  17.47953829541499  24.293883585671978  -8.610521558348623
-21.176987102428033  -20.150019954055196  -22.391366523354478  16.280926786066306  23.753673428724856  -10.56511530471262
-21.17698708752687  -20.150019954055196  -22.391366523354478  16.280926786066306  23.753673428724856  -10.565115304959933
-21.176987102428033  -20.150019939154035  -22.391366523354478  16.280926786066306  23.753673428724856  -10.565115295081338
-21.176987102428033  -20.150019954055196  -22.391366508453316  16.280926786066306  23.753673428724856  -10.565115301588987
-21.176987102428033  -20.150019954055196  -22.391366523354478  16.280926800967467  23.753673428724856  -10.565115289871175
-21.176987102428033  -20.150019954055196  -22.391366523354478  16.280926786066306  23.753673443626017  -10.565115300345886
-20.17703071613694  -21.53200069300339  -22.87179601082487  12.698170444703862  22.342637233090763  -15.118683800156793
-20.17703070123578  -21.53200069300339  -22.87179601082487  12.698170444703862  22.342637233090763  -15.118683810848642
-20.17703071613694  -21.53200067810223  -22.87179601082487  12.698170444703862  22.342637233090763  -15.118683796452583
-20.17703071613694  -21.53200069300339  -22.87179599592371  12.698170444703862  22.342637233090763  -15.118683797462813
-20.17703071613694  -21.53200069300339  -22.87179601082487  12.698170459605024  22.342637233090763  -15.118683785259813
-20.17703071613694  -21.53200069300339  -22.87179601082487  12.698170444703862  22.342637247991924  -15.118683809030106
-17.256224413424615  -23.29827630593137  -23.181679027523774  4.264844466022653  19.28026400048539  -13.691379519942446
-17.256224398523454  -23.29827630593137  -23.181679027523774  4.264844466022653  19.28026400048539  -13.691379497577582
-17.256224413424615  -23.29827629103021  -23.181679027523774  4.264844466022653  19.28026400048539  -13.691379521009747
-17.256224413424615  -23.29827630593137  -23.181679012622613  4.264844466022653  19.28026400048539  -13.691379523451214
-17.256224413424615  -23.29827630593137  -23.181679027523774  4.264844480923815  19.28026400048539  -13.691379505044496
-17.256224413424615  -23.29827630593137  -23.181679027523774  4.264844466022653  19.28026401538655  -13.691379586274083
-19.012771110597456  -22.236054004060655  -22.995318162379466  9.336571023267558  21.121947778779155  -17.551312194562893
-19.012771095696294  -22.236054004060655  -22.995318162379466  9.336571023267558  21.121947778779155  -17.551312186795258
-19.012771110597456  -22.236053989159494  -22.995318162379466  9.336571023267558  21.121947778779155  -17.551312195534457
-19.012771110597456  -22.236054004060655  -22.995318147478304  9.336571023267558  21.121947778779155  -17.55131219491454
-19.012771110597456  -22.236054004060655  -22.995318162379466  9.336571038168719  21.121947778779155  -17.551312179670706
-19.012771110597456  -22.236054004060655  -22.995318162379466  9.336571023267558  21.121947793680317  -17.55131222432823
-19.165855444788455  -24.834783160407962  -24.524652785910515  5.43495182093353  21.692841004734966  -22.31584099558437
-19.165855429887294  -24.834783160407962  -24.524652785910515  5.43495182093353  21.692841004734966  -22.315840982798544
-19.165855444788455  -24.8347831455068  -24.524652785910515  5.43495182093353  21.692841004734966  -22.315840995618668
-19.165855444788455  -24.834783160407962  -24.524652771009354  5.43495182093353  21.692841004734966  -22.315840995519398
-19.165855444788455  -24.834783160407962  -24.524652785910515  5.434951835834691  21.692841004734966  -22.315840980683213
-19.165855444788455  -24.834783160407962  -24.524652785910515  5.43495182093353  21.692841019636127  -22.31584100905511
-19.778192781552463  -35.22969978579719  -30.64199128003471  -10.17152498840258  23.976413908558204  -37.74433120286466
-19.7781927666513  -35.22969978579719  -30.64199128003471  -10.17152498840258  23.976413908558204  -37.74433119259113
-19.778192781552463  -35.229699770896026  -30.64199128003471  -10.17152498840258  23.976413908558204  -37.74433120286481
-19.778192781552463  -35.22969978579719  -30.641991265133548  -10.17152498840258  23.976413908558204  -37.744331202864046
-19.778192781552463  -35.22969978579719  -30.64199128003471  -10.171524973501418  23.976413908558204  -37.74433118796394
-19.778192781552463  -35.22969978579719  -30.64199128003471  -10.17152498840258  23.976413923459365  -37.74433119037327
-19.673652678864823  -62.036586747139815  -46.02404125741087  -53.991088650460306  27.503455494810712  -44.8458577886811
-19.67365266396366  -62.036586747139815  -46.02404125741087  -53.991088650460306  27.503455494810712  -44.845857777623685
-19.673652678864823  -62.03658673223865  -46.02404125741087  -53.991088650460306  27.503455494810712  -44.8458577886811
-19.673652678864823  -62.036586747139815  -46.02404124250971  -53.991088650460306  27.503455494810712  -44.8458577886811
-19.673652678864823  -62.036586747139815  -46.02404125741087  -53.991088635559144  27.503455494810712  -44.8458577886811
-19.673652678864823  -62.036586747139815  -46.02404125741087  -53.991088650460306  27.503455509711873  -44.845857773848316
-19.70309953821401  -59.934308193414466  -44.87171673107469  -50.48266915553802  27.003608397643866  -45.36451159739809
-19.703099523312847  -59.934308193414466  -44.87171673107469  -50.48266915553802  27.003608397643866  -45.36451158641846
-19.70309953821401  -59.934308178513305  -44.87171673107469  -50.48266915553802  27.003608397643866  -45.36451159739809
-19.70309953821401  -59.934308193414466  -44.87171671617353  -50.48266915553802  27.003608397643866  -45.36451159739809
-19.70309953821401  -59.934308193414466  -44.87171673107469  -50.48266914063686  27.003608397643866  -45.36451159739809
-19.70309953821401  -59.934308193414466  -44.87171673107469  -50.48266915553802  27.003608412545027  -45.364511582608976
-19.820886975610755  -51.52519397851309  -40.262418625729985  -36.44899117584889  25.00422000897649  -47.4006105630285
-19.820886960709593  -51.52519397851309  -40.262418625729985  -36.44899117584889  25.00422000897649  -47.40061055267968
-19.820886975610755  -51.525193963611926  -40.262418625729985  -36.44899117584889  25.00422000897649  -47.4006105630285
-19.820886975610755  -51.52519397851309  -40.262418610828824  -36.44899117584889  25.00422000897649  -47.4006105630285
-19.820886975610755  -51.52519397851309  -40.262418625729985  -36.44899116094773  25.00422000897649  -47.4006105630285
-19.820886975610755  -51.52519397851309  -40.262418625729985  -36.44899117584889  25.00422002387765  -47.400610548969695
-20.292036725197736  -17.888737118907564  -21.825226204351146  19.685720742907655  17.006666454306973  -6.360938448902786
-20.292036710296575  -17.888737118907564  -21.825226204351146  19.685720742907655  17.006666454306973  -6.360938458110815
-20.292036725197736  -17.888737104006402  -21.825226204351146  19.685720742907655  17.006666454306973  -6.360938435075226
-20.292036725197736  -17.888737118907564  -21.825226189449985  19.685720742907655  17.006666454306973  -6.360938447123092
-20.292036725197736  -17.888737118907564  -21.825226204351146  19.685720757808816  17.006666454306973  -6.360938468478155
-20.292036725197736  -17.888737118907564  -21.825226204351146  19.685720742907655  17.006666469208135  -6.360938437641779
-19.831162061116824  -50.79163215309206  -39.86033048116956  -35.22477538176333  24.829805087424177  -47.571308034364826
-19.831162046215663  -50.79163215309206  -39.86033048116956  -35.22477538176333  24.829805087424177  -47.571308024110735
-19.831162061116824  -50.7916321381909  -39.86033048116956  -35.22477538176333  24.829805087424177  -47.571308034364826
-19.831162061116824  -50.79163215309206  -39.8603304662684  -35.22477538176333  24.829805087424177  -47.57130803436488
-19.831162061116824  -50.79163215309206  -39.86033048116956  -35.22477536686217  24.829805087424177  -47.57130803436492
-19.831162061116824  -50.79163215309206  -39.86033048116956  -35.22477538176333  24.829805102325338  -47.571308020474845
-20.123481079903787  -29.9223096642458  -28.421203107063025  -0.3966895717541803  19.867822172551428  -14.265628840188029
-20.123481065002625  -29.9223096642458  -28.421203107063025  -0.3966895717541803  19.867822172551428  -14.265628951238199
-20.123481079903787  -29.92230964934464  -28.421203107063025  -0.3966895717541803  19.867822172551428  -14.265628840187706
-20.123481079903787  -29.9223096642458  -28.421203092161864  -0.3966895717541803  19.867822172551428  -14.265628840187055
-20.123481079903787  -29.9223096642458  -28.421203107063025  -0.3966895568530191  19.867822172551428  -14.26562882528685
-20.123481079903787  -29.9223096642458  -28.421203107063025  -0.3966895717541803  19.86782218745259  -14.265629037133039
-19.8644587160072  -48.414507901681354  -38.55735444490879  -31.257675469754503  24.264609455015236  -48.10631067981775
-19.864458701106038  -48.414507901681354  -38.55735444490879  -31.257675469754503  24.264609455015236  -48.10631067015047
-19.8644587160072  -48.41450788678019  -38.55735444490879  -31.257675469754503  24.264609455015236  -48.10631067981775
-19.8644587160072  -48.414507901681354  -38.55735443000763  -31.257675469754503  24.264609455015236  -48.106310679817625
-19.8644587160072  -48.414507901681354  -38.55735444490879  -31.25767545485334  24.264609455015236  -48.106310679817355
-19.8644587160072  -48.414507901681354  -38.55735444490879  -31.257675469754503  24.264609469916397  -48.1063106667602
-20.283435576505667  -18.110515465468975  -21.94453607447751  19.302905212541056  17.057084025596826  -6.003723650416785
-20.283435561604506  -18.110515465468975  -21.94453607447751  19.302905212541056  17.057084025596826  -6.003723661942979
-20.283435576505667  -18.110515450567814  -21.94453607447751  19.302905212541056  17.057084025596826  -6.003723636834673
-20.283435576505667  -18.110515465468975  -21.94453605957635  19.302905212541056  17.057084025596826  -6.00372364909136
-20.283435576505667  -18.110515465468975  -21.94453607447751  19.302905227442217  17.057084025596826  -6.003723674043919
-20.283435576505667  -18.110515465468975  -21.94453607447751  19.302905212541056  17.057084040497987  -6.0037236402421765
-19.871668536536095  -47.893031974552294  -38.271478421141204  -30.38762094664233  24.14058120977581  -48.218529920289235
-19.871668521634934  -47.893031974552294  -38.271478421141204  -30.38762094664233  24.14058120977581  -48.21852991076967
-19.871668536536095  -47.89303195965113  -38.271478421141204  -30.38762094664233  24.14058120977581  -48.218529920289235
-19.871668536536095  -47.893031974552294  -38.27147840624004  -30.38762094664233  24.14058120977581  -48.2185299202892
-19.871668536536095  -47.893031974552294  -38.271478421141204  -30.387620931741168  24.14058120977581  -48.21852992028828
-19.871668536536095  -47.893031974552294  -38.271478421141204  -30.38762094664233  24.14058122467697  -48.21852990749534
-20.00354597514735  -38.35452691862173  -33.042416529274504  -14.473138540272657  21.87193565444289  -42.326801024416945
-20.00354596024619  -38.35452691862173  -33.042416529274504  -14.473138540272657  21.87193565444289  -42.32680103874692
-20.00354597514735  -38.35452690372057  -33.042416529274504  -14.473138540272657  21.87193565444289  -42.326801024417
-20.00354597514735  -38.35452691862173  -33.04241651437334  -14.473138540272657  21.87193565444289  -42.32680102441677
-20.00354597514735  -38.35452691862173  -33.042416529274504  -14.473138525371496  21.87193565444289  -42.3268010095445
-20.00354597514735  -38.35452691862173  -33.042416529274504  -14.473138540272657  21.87193566934405  -42.32680104871696
-19.89615129196988  -46.12222956174031  -37.30071462109441  -27.43313241006274  23.719412169172227  -48.57604038183153
-19.896151277068718  -46.12222956174031  -37.30071462109441  -27.43313241006274  23.719412169172227  -48.57604037351332
-19.89615129196988  -46.12222954683915  -37.30071462109441  -27.43313241006274  23.719412169172227  -48.57604038183153
-19.89615129196988  -46.12222956174031  -37.300714606193246  -27.43313241006274  23.719412169172227  -48.57604038183151
-19.89615129196988  -46.12222956174031  -37.30071462109441  -27.43313239516158  23.719412169172227  -48.57604038181337
-19.89615129196988  -46.12222956174031  -37.30071462109441  -27.43313241006274  23.719412184073388  -48.576040370415754
-19.95519763788462  -41.09409025557108  -34.541571771744835  -19.067306468516072  22.510571183038383  -47.287594876786464
-19.95519762298346  -41.09409025557108  -34.541571771744835  -19.067306468516072  22.510571183038383  -47.28759487888281
-19.95519763788462  -41.09409024066992  -34.541571771744835  -19.067306468516072  22.510571183038383  -47.287594876786464
-19.95519763788462  -41.09409025557108  -34.54157175684367  -19.067306468516072  22.510571183038383  -47.2875948767864
-19.95519763788462  -41.09409025557108  -34.541571771744835  -19.06730645361491  22.510571183038383  -47.287594864273906
-19.95519763788462  -41.09409025557108  -34.541571771744835  -19.067306468516072  22.510571197939544  -47.287594879208385
-19.915774857756283  -44.451168957917595  -36.38373626486426  -24.652819197140346  23.317663843357945  -48.848298558063235
-19.91577484285512  -44.451168957917595  -36.38373626486426  -24.652819197140346  23.317663843357945  -48.84829855134702
-19.915774857756283  -44.451168943016434  -36.38373626486426  -24.652819197140346  23.317663843357945  -48.848298558063235
-19.915774857756283  -44.451168957917595  -36.3837362499631  -24.652819197140346  23.317663843357945  -48.84829855806321
-19.915774857756283  -44.451168957917595  -36.38373626486426  -24.652819182239185  23.317663843357945  -48.84829855777603
-19.915774857756283  -44.451168957917595  -36.38373626486426  -24.652819197140346  23.317663858259106  -48.84829854885998
-19.956382913672133  -41.77516617966312  -34.949279709510265  -20.163997931320733  22.52312627670971  -48.10866175973436
-19.956382898770972  -41.77516617966312  -34.949279709510265  -20.163997931320733  22.52312627670971  -48.10866176169314
-19.956382913672133  -41.775166164761956  -34.949279709510265  -20.163997931320733  22.52312627670971  -48.10866175973436
-19.956382913672133  -41.77516617966312  -34.9492796946091  -20.163997931320733  22.52312627670971  -48.10866175973433
-19.956382913672133  -41.77516617966312  -34.949279709510265  -20.16399791641957  22.52312627670971  -48.10866175025299
-19.956382913672133  -41.77516617966312  -34.949279709510265  -20.163997931320733  22.523126291610872  -48.10866176189708
-19.926286737034562  -43.75845374368419  -36.01241008832766  -23.49083431054918  23.111988324195657  -48.92706074574757
-19.9262867221334  -43.75845374368419  -36.01241008832766  -23.49083431054918  23.111988324195657  -48.92706074053514
-19.926286737034562  -43.75845372878303  -36.01241008832766  -23.49083431054918  23.111988324195657  -48.92706074574757
-19.926286737034562  -43.75845374368419  -36.0124100734265  -23.49083431054918  23.111988324195657  -48.927060745747625
-19.926286737034562  -43.75845374368419  -36.01241008832766  -23.490834295648018  23.111988324195657  -48.92706074486686
-19.926286737034562  -43.75845374368419  -36.01241008832766  -23.49083431054918  23.11198833909682  -48.927060738310104
-19.931450372471147  -43.734765578870274  -36.05656080435629  -23.41223842578259  22.825018062817644  -49.03416865213389
-19.931450357569986  -43.734765578870274  -36.05656080435629  -23.41223842578259  22.825018062817644  -49.03416864993347
-19.931450372471147  -43.73476556396911  -36.05656080435629  -23.41223842578259  22.825018062817644  -49.03416865213389
-19.931450372471147  -43.734765578870274  -36.056560789455126  -23.41223842578259  22.825018062817644  -49.03416865213396
-19.931450372471147  -43.734765578870274  -36.05656080435629  -23.41223841088143  22.825018062817644  -49.034168651185816
-19.931450372471147  -43.734765578870274  -36.05656080435629  -23.41223842578259  22.825018077718806  -49.034168648446894
-19.915327346806208  -44.51346673986503  -36.57538139088797  -24.676197080096962  22.52409243254281  -49.1053930362776
-19.915327331905047  -44.51346673986503  -36.57538139088797  -24.676197080096962  22.52409243254281  -49.10539303698754
-19.915327346806208  -44.51346672496387  -36.57538139088797  -24.676197080096962  22.52409243254281  -49.1053930362776
-19.915327346806208  -44.51346673986503  -36.57538137598681  -24.676197080096962  22.52409243254281  -49.105393036277604
-19.915327346806208  -44.51346673986503  -36.57538139088797  -24.6761970651958  22.52409243254281  -49.10539303599692
-19.915327346806208  -44.51346673986503  -36.57538139088797  -24.676197080096962  22.52409244744397  -49.10539303783631
-19.9287253909095  -44.83920684233691  -36.7602027068275  -25.17890348114536  22.61508780380236  -49.11669241847359
-19.928725376008337  -44.83920684233691  -36.7602027068275  -25.17890348114536  22.61508780380236  -49.116692418575084
-19.9287253909095  -44.839206827435746  -36.7602027068275  -25.17890348114536  22.61508780380236  -49.11669241847359
-19.9287253909095  -44.83920684233691  -36.76020269192634  -25.17890348114536  22.61508780380236  -49.11669241847345
-19.9287253909095  -44.83920684233691  -36.7602027068275  -25.178903466244197  22.61508780380236  -49.116692418302534
-19.9287253909095  -44.83920684233691  -36.7602027068275  -25.17890348114536  22.615087818703522  -49.116692418340406
-19.925493684024197  -45.17526423701575  -36.959515125895116  -25.72900131964554  22.62117480454871  -49.12147547476802
-19.925493669123036  -45.17526423701575  -36.959515125895116  -25.72900131964554  22.62117480454871  -49.12147547454875
-19.925493684024197  -45.17526422211459  -36.959515125895116  -25.72900131964554  22.62117480454871  -49.12147547476802
-19.925493684024197  -45.17526423701575  -36.959515110993955  -25.72900131964554  22.62117480454871  -49.121475474768005
-19.925493684024197  -45.17526423701575  -36.959515125895116  -25.72900130474438  22.62117480454871  -49.121475474668856
-19.925493684024197  -45.17526423701575  -36.959515125895116  -25.72900131964554  22.62117481944987  -49.12147547446966
-19.931189401738166  -45.6580663886872  -37.2540216570008  -26.493449427647928  22.614265158384537  -49.125111514720984
-19.931189386837005  -45.6580663886872  -37.2540216570008  -26.493449427647928  22.614265158384537  -49.12511151484773
-19.931189401738166  -45.65806637378604  -37.2540216570008  -26.493449427647928  22.614265158384537  -49.125111514720984
-19.931189401738166  -45.6580663886872  -37.25402164209964  -26.493449427647928  22.614265158384537  -49.125111514720984
-19.931189401738166  -45.6580663886872  -37.2540216570008  -26.493449412746767  22.614265158384537  -49.12511151467466
-19.931189401738166  -45.6580663886872  -37.2540216570008  -26.493449427647928  22.6142651732857  -49.125111514627775
-19.925234679375258  -46.065550348184374  -37.49799706039695  -27.16357437282362  22.60457818617102  -49.12671359753039
-19.925234664474097  -46.065550348184374  -37.49799706039695  -27.16357437282362  22.60457818617102  -49.12671359771321
-19.925234679375258  -46.06555033328321  -37.49799706039695  -27.16357437282362  22.60457818617102  -49.12671359753039
-19.925234679375258  -46.065550348184374  -37.49799704549579  -27.16357437282362  22.60457818617102  -49.12671359753039
-19.925234679375258  -46.065550348184374  -37.49799706039695  -27.16357435792246  22.60457818617102  -49.12671359750666
-19.925234679375258  -46.065550348184374  -37.49799706039695  -27.16357437282362  22.604578201072183  -49.12671359756045
-19.91471866595928  -46.50268965477816  -37.75695257689045  -27.892546506135957  22.597931823971777  -49.12748891634613
-19.91471865105812  -46.50268965477816  -37.75695257689045  -27.892546506135957  22.597931823971777  -49.127488916280015
-19.91471866595928  -46.502689639877  -37.75695257689045  -27.892546506135957  22.597931823971777  -49.12748891634613
-19.91471866595928  -46.50268965477816  -37.75695256198929  -27.892546506135957  22.597931823971777  -49.12748891634615
-19.91471866595928  -46.50268965477816  -37.75695257689045  -27.892546491234796  22.597931823971777  -49.12748891633466
-19.91471866595928  -46.50268965477816  -37.75695257689045  -27.892546506135957  22.597931838872938  -49.127488916377615
-19.914003025647776  -46.86913108408616  -37.97674514180697  -28.485228792912814  22.599026034517067  -49.12782777693184
-19.914003010746615  -46.86913108408616  -37.97674514180697  -28.485228792912814  22.599026034517067  -49.12782777673021
-19.914003025647776  -46.869131069185  -37.97674514180697  -28.485228792912814  22.599026034517067  -49.12782777693184
-19.914003025647776  -46.86913108408616  -37.97674512690581  -28.485228792912814  22.599026034517067  -49.12782777693184
-19.914003025647776  -46.86913108408616  -37.97674514180697  -28.485228778011653  22.599026034517067  -49.127827776925486
-19.914003025647776  -46.86913108408616  -37.97674514180697  -28.485228792912814  22.599026049418228  -49.12782777691838
-19.921645105289183  -47.41695608142079  -38.30902516344622  -29.351108631759818  22.603894161552983  -49.128116465805704
-19.921645090388022  -47.41695608142079  -38.30902516344622  -29.351108631759818  22.603894161552983  -49.12811646572828
-19.921645105289183  -47.41695606651963  -38.30902516344622  -29.351108631759818  22.603894161552983  -49.128116465805704
-19.921645105289183  -47.41695608142079  -38.30902514854506  -29.351108631759818  22.603894161552983  -49.128116465805626
-19.921645105289183  -47.41695608142079  -38.30902516344622  -29.351108616858657  22.603894161552983  -49.128116465803046
-19.921645105289183  -47.41695608142079  -38.30902516344622  -29.351108631759818  22.603894176454144  -49.128116465792324
-19.92652726442159  -47.804194745033165  -38.54382933499784  -29.964303395121558  22.606430372796755  -49.1281982458122
-19.92652724952043  -47.804194745033165  -38.54382933499784  -29.964303395121558  22.606430372796755  -49.12819824598506
-19.92652726442159  -47.804194730132004  -38.54382933499784  -29.964303395121558  22.606430372796755  -49.1281982458122
-19.92652726442159  -47.804194745033165  -38.54382932009668  -29.964303395121558  22.606430372796755  -49.12819824581211
-19.92652726442159  -47.804194745033165  -38.54382933499784  -29.964303380220397  22.606430372796755  -49.12819824581075
-19.92652726442159  -47.804194745033165  -38.54382933499784  -29.964303395121558  22.606430387697916  -49.12819824582
-19.924773912480735  -48.05627379744298  -38.69484891851975  -30.374762118980488  22.60494097212446  -49.12824573401978
-19.924773897579573  -48.05627379744298  -38.69484891851975  -30.374762118980488  22.60494097212446  -49.128245733953385
-19.924773912480735  -48.056273782541815  -38.69484891851975  -30.374762118980488  22.60494097212446  -49.12824573401978
-19.924773912480735  -48.05627379744298  -38.69484890361859  -30.374762118980488  22.60494097212446  -49.12824573401983
-19.924773912480735  -48.05627379744298  -38.69484891851975  -30.374762104079327  22.60494097212446  -49.128245734018826
-19.924773912480735  -48.05627379744298  -38.69484891851975  -30.374762118980488  22.60494098702562  -49.12824573401741
-19.925761054529996  -48.627320312873195  -39.038735892496156  -31.293269516367157  22.605026766385173  -49.12827703999753
-19.925761039628835  -48.627320312873195  -39.038735892496156  -31.293269516367157  22.605026766385173  -49.12827704017947
-19.925761054529996  -48.627320297972034  -39.038735892496156  -31.293269516367157  22.605026766385173  -49.12827703999753
-19.925761054529996  -48.627320312873195  -39.038735877594995  -31.293269516367157  22.605026766385173  -49.12827703999743
-19.925761054529996  -48.627320312873195  -39.038735892496156  -31.293269501465996  22.605026766385173  -49.128277039997144
-19.925761054529996  -48.627320312873195  -39.038735892496156  -31.293269516367157  22.605026781286334  -49.12827704002455
-19.924745537674475  -49.17421468759372  -39.3671786916605  -32.17750688323036  22.604757434448896  -49.12829935215429
-19.924745522773314  -49.17421468759372  -39.3671786916605  -32.17750688323036  22.604757434448896  -49.128299352089606
-19.924745537674475  -49.17421467269256  -39.3671786916605  -32.17750688323036  22.604757434448896  -49.12829935215429
-19.924745537674475  -49.17421468759372  -39.36717867675934  -32.17750688323036  22.604757434448896  -49.12829935215433
-19.924745537674475  -49.17421468759372  -39.3671786916605  -32.177506868329196  22.604757434448896  -49.12829935215414
-19.924745537674475  -49.17421468759372  -39.3671786916605  -32.17750688323036  22.604757449350057  -49.12829935215524
-19.924980628961894  -49.41403649505035  -39.51143520350542  -32.56371280219587  22.60519080690921  -49.128303733132746
-19.924980614060733  -49.41403649505035  -39.51143520350542  -32.56371280219587  22.60519080690921  -49.12830373306524
-19.924980628961894  -49.414036480149186  -39.51143520350542  -32.56371280219587  22.60519080690921  -49.128303733132746
-19.924980628961894  -49.41403649505035  -39.51143518860426  -32.56371280219587  22.60519080690921  -49.128303733132746
-19.924980628961894  -49.41403649505035  -39.51143520350542  -32.56371278729471  22.60519080690921  -49.12830373313263
-19.924980628961894  -49.41403649505035  -39.51143520350542  -32.56371280219587  22.60519082181037  -49.128303733127716
-19.92557931026113  -49.92863645251162  -39.821102356260695  -33.39215854508498  22.60573359773815  -49.128302655683065
-19.92557929535997  -49.92863645251162  -39.821102356260695  -33.39215854508498  22.60573359773815  -49.12830265585669
-19.92557931026113  -49.92863643761046  -39.821102356260695  -33.39215854508498  22.60573359773815  -49.128302655683065
-19.92557931026113  -49.92863645251162  -39.821102341359534  -33.39215854508498  22.60573359773815  -49.128302655683065
-19.92557931026113  -49.92863645251162  -39.821102356260695  -33.39215853018382  22.60573359773815  -49.12830265568301
-19.92557931026113  -49.92863645251162  -39.821102356260695  -33.39215854508498  22.605733612639312  -49.128302655694746
-19.925171103375018  -49.57775987344166  -39.6099578553067  -32.82728829199741  22.605363499399726  -49.12830470548728
-19.925171088473856  -49.57775987344166  -39.6099578553067  -32.82728829199741  22.605363499399726  -49.128304705661805
-19.925171103375018  -49.577759858540496  -39.6099578553067  -32.82728829199741  22.605363499399726  -49.12830470548728
-19.925171103375018  -49.57775987344166  -39.60995784040554  -32.82728829199741  22.605363499399726  -49.12830470548731
-19.925171103375018  -49.57775987344166  -39.6099578553067  -32.82728827709625  22.605363499399726  -49.128304705487196
-19.925171103375018  -49.57775987344166  -39.6099578553067  -32.82728829199741  22.605363514300887  -49.12830470550191
-19.925111608058785  -49.73714615360044  -39.70578413687826  -33.08443878312781  22.605341794346156  -49.12830663693497
-19.925111593157624  -49.73714615360044  -39.70578413687826  -33.08443878312781  22.605341794346156  -49.1283066371094
-19.925111608058785  -49.73714613869928  -39.70578413687826  -33.08443878312781  22.605341794346156  -49.12830663693497
-19.925111608058785  -49.73714615360044  -39.705784121977096  -33.08443878312781  22.605341794346156  -49.12830663693505
-19.925111608058785  -49.73714615360044  -39.70578413687826  -33.08443876822665  22.605341794346156  -49.1283066369349
-19.925111608058785  -49.73714615360044  -39.70578413687826  -33.08443878312781  22.605341809247317  -49.12830663694938
-19.924871400528318  -50.00880486823269  -39.869054910211005  -33.52304187821477  22.605191608283118  -49.128307684164696
-19.924871385627156  -50.00880486823269  -39.869054910211005  -33.52304187821477  22.605191608283118  -49.12830768409665
-19.924871400528318  -50.008804853331526  -39.869054910211005  -33.52304187821477  22.605191608283118  -49.128307684164696
-19.924871400528318  -50.00880486823269  -39.869054895309844  -33.52304187821477  22.605191608283118  -49.128307684164696
-19.924871400528318  -50.00880486823269  -39.869054910211005  -33.52304186331361  22.605191608283118  -49.12830768416465
-19.924871400528318  -50.00880486823269  -39.869054910211005  -33.52304187821477  22.60519162318428  -49.128307684158635
-19.92485591391555  -50.198182335836414  -39.9829330775714  -33.82845057758892  22.605178350437157  -49.1283083461616
-19.92485589901439  -50.198182335836414  -39.9829330775714  -33.82845057758892  22.605178350437157  -49.128308346093334
-19.92485591391555  -50.19818232093525  -39.9829330775714  -33.82845057758892  22.605178350437157  -49.1283083461616
-19.92485591391555  -50.198182335836414  -39.98293306267024  -33.82845057758892  22.605178350437157  -49.1283083461616
-19.92485591391555  -50.198182335836414  -39.9829330775714  -33.828450562687756  22.605178350437157  -49.128308346161575
-19.92485591391555  -50.198182335836414  -39.9829330775714  -33.82845057758892  22.60517836533832  -49.128308346155414
-19.924883351294298  -50.534804165120846  -40.18537829168744  -34.37119165175333  22.605164762452297  -49.12830933000357
-19.924883336393137  -50.534804165120846  -40.18537829168744  -34.37119165175333  22.605164762452297  -49.12830932993578
-19.924883351294298  -50.534804150219685  -40.18537829168744  -34.37119165175333  22.605164762452297  -49.12830933000357
-19.924883351294298  -50.534804165120846  -40.18537827678628  -34.37119165175333  22.605164762452297  -49.12830933000371
-19.924883351294298  -50.534804165120846  -40.18537829168744  -34.37119163685217  22.605164762452297  -49.12830933000355
-19.924883351294298  -50.534804165120846  -40.18537829168744  -34.37119165175333  22.60516477735346  -49.12830932999814
-19.92486897875221  -50.35847130718528  -40.07933126777238  -34.086887199692484  22.6051718802563  -49.12830887237855
-19.92486896385105  -50.35847130718528  -40.07933126777238  -34.086887199692484  22.6051718802563  -49.1283088723104
-19.92486897875221  -50.35847129228412  -40.07933126777238  -34.086887199692484  22.6051718802563  -49.12830887237855
-19.92486897875221  -50.35847130718528  -40.07933125287122  -34.086887199692484  22.6051718802563  -49.12830887237855
-19.92486897875221  -50.35847130718528  -40.07933126777238  -34.08688718479132  22.6051718802563  -49.12830887237853
-19.92486897875221  -50.35847130718528  -40.07933126777238  -34.086887199692484  22.60517189515746  -49.12830887237281
-19.924959433590924  -50.55996837185696  -40.200535732623315  -34.41159642454016  22.605227452965288  -49.128309699610384
-19.924959418689763  -50.55996837185696  -40.200535732623315  -34.41159642454016  22.605227452965288  -49.128309699542505
-19.924959433590924  -50.5599683569558  -40.200535732623315  -34.41159642454016  22.605227452965288  -49.128309699610384
-19.924959433590924  -50.55996837185696  -40.200535717722154  -34.41159642454016  22.605227452965288  -49.12830969961039
-19.924959433590924  -50.55996837185696  -40.200535732623315  -34.411596409638996  22.605227452965288  -49.12830969961037
-19.924959433590924  -50.55996837185696  -40.200535732623315  -34.41159642454016  22.60522746786645  -49.12830969960441
-19.925321252945782  -51.36595663054366  -40.68535359202706  -35.710433323930836  22.60544974380124  -49.12830826394024
-19.92532123804462  -51.36595663054366  -40.68535359202706  -35.710433323930836  22.60544974380124  -49.12830826411492
-19.925321252945782  -51.365956615642496  -40.68535359202706  -35.710433323930836  22.60544974380124  -49.12830826394024
-19.925321252945782  -51.36595663054366  -40.6853535771259  -35.710433323930836  22.60544974380124  -49.12830826394024
-19.925321252945782  -51.36595663054366  -40.68535359202706  -35.710433309029675  22.60544974380124  -49.12830826394024
-19.925321252945782  -51.36595663054366  -40.68535359202706  -35.710433323930836  22.605449758702402  -49.12830826395469
-19.9250550826551  -50.77303608546721  -40.32870017138188  -34.75495156094963  22.605286216848835  -49.12831044250541
-19.925055067753938  -50.77303608546721  -40.32870017138188  -34.75495156094963  22.605286216848835  -49.12831044243735
-19.9250550826551  -50.77303607056605  -40.32870017138188  -34.75495156094963  22.605286216848835  -49.12831044250541
-19.9250550826551  -50.77303608546721  -40.32870015648072  -34.75495156094963  22.605286216848835  -49.12831044250541
-19.9250550826551  -50.77303608546721  -40.32870017138188  -34.75495154604847  22.605286216848835  -49.128310442505395
-19.9250550826551  -50.77303608546721  -40.32870017138188  -34.75495156094963  22.605286231749997  -49.128310442499256
-19.92509467693259  -50.86123623933357  -40.38175430627244  -34.897084666660405  22.605310542371846  -49.12831039126068
-19.92509466203143  -50.86123623933357  -40.38175430627244  -34.897084666660405  22.605310542371846  -49.128310391435136
-19.92509467693259  -50.86123622443241  -40.38175430627244  -34.897084666660405  22.605310542371846  -49.12831039126068
-19.92509467693259  -50.86123623933357  -40.38175429137128  -34.897084666660405  22.605310542371846  -49.12831039126068
-19.92509467693259  -50.86123623933357  -40.38175430627244  -34.89708465175924  22.605310542371846  -49.12831039126068
-19.92509467693259  -50.86123623933357  -40.38175430627244  -34.897084666660405  22.605310557273008  -49.12831039127552
-19.925072294685666  -50.81137757924575  -40.351763337302366  -34.8167382512154  22.605296791398292  -49.12831056493982
-19.925072279784505  -50.81137757924575  -40.351763337302366  -34.8167382512154  22.605296791398292  -49.1283105648719
-19.925072294685666  -50.81137756434459  -40.351763337302366  -34.8167382512154  22.605296791398292  -49.12831056493982
-19.925072294685666  -50.81137757924575  -40.351763322401204  -34.8167382512154  22.605296791398292  -49.12831056493982
-19.925072294685666  -50.81137757924575  -40.351763337302366  -34.81673823631424  22.605296791398292  -49.12831056493979
-19.925072294685666  -50.81137757924575  -40.351763337302366  -34.8167382512154  22.605296806299453  -49.12831056493376
-19.925076431912373  -50.820593659334115  -40.35730699153353  -34.831589813576876  22.60529933318488  -49.12831054631614
-19.925076417011212  -50.820593659334115  -40.35730699153353  -34.831589813576876  22.60529933318488  -49.12831054649053
-19.925076431912373  -50.820593644432954  -40.35730699153353  -34.831589813576876  22.60529933318488  -49.12831054631614
-19.925076431912373  -50.820593659334115  -40.357306976632366  -34.831589813576876  22.60529933318488  -49.12831054631614
-19.925076431912373  -50.820593659334115  -40.35730699153353  -34.831589798675715  22.60529933318488  -49.12831054631613
-19.925076431912373  -50.820593659334115  -40.35730699153353  -34.831589813576876  22.605299348086042  -49.12831054633108
-19.925073266306523  -50.813541960426065  -40.35306525533835  -34.82022611609562  22.605297388332673  -49.128310571762185
-19.92507325140536  -50.813541960426065  -40.35306525533835  -34.82022611609562  22.605297388332673  -49.12831057169433
-19.925073266306523  -50.813541945524904  -40.35306525533835  -34.82022611609562  22.605297388332673  -49.128310571762185
-19.925073266306523  -50.813541960426065  -40.35306524043719  -34.82022611609562  22.605297388332673  -49.128310571762185
-19.925073266306523  -50.813541960426065  -40.35306525533835  -34.82022610119446  22.605297388332673  -49.12831057176217
-19.925073266306523  -50.813541960426065  -40.35306525533835  -34.82022611609562  22.605297403233834  -49.12831057175621
-19.925075355606385  -50.81819608170537  -40.35586480122716  -34.82772615643325  22.60529867193513  -49.12831055536408
-19.925075340705224  -50.81819608170537  -40.35586480122716  -34.82772615643325  22.60529867193513  -49.12831055553849
-19.925075355606385  -50.81819606680421  -40.35586480122716  -34.82772615643325  22.60529867193513  -49.12831055536408
-19.925075355606385  -50.81819608170537  -40.355864786326  -34.82772615643325  22.60529867193513  -49.12831055536408
-19.925075355606385  -50.81819608170537  -40.35586480122716  -34.82772614153209  22.60529867193513  -49.12831055536407
-19.925075355606385  -50.81819608170537  -40.35586480122716  -34.82772615643325  22.605298686836292  -49.12831055537872
-19.92507355394089  -50.814182694321765  -40.35345066943392  -34.821258648291284  22.605297565046502  -49.128310570483976
-19.92507353903973  -50.814182694321765  -40.35345066943392  -34.821258648291284  22.605297565046502  -49.12831057065839
-19.92507355394089  -50.814182679420604  -40.35345066943392  -34.821258648291284  22.605297565046502  -49.128310570483976
-19.92507355394089  -50.814182694321765  -40.35345065453276  -34.821258648291284  22.605297565046502  -49.128310570483926
-19.92507355394089  -50.814182694321765  -40.35345066943392  -34.82125863339012  22.605297565046502  -49.12831057048396
-19.92507355394089  -50.814182694321765  -40.35345066943392  -34.821258648291284  22.605297579947663  -49.12831057049891
-19.925096252584034  -51.30277012887169  -40.64727270549268  -35.60906184007792  22.605327840414613  -49.128310746729944
-19.925096237682872  -51.30277012887169  -40.64727270549268  -35.60906184007792  22.605327840414613  -49.12831074690441
-19.925096252584034  -51.30277011397053  -40.64727270549268  -35.60906184007792  22.605327840414613  -49.128310746729944
-19.925096252584034  -51.30277012887169  -40.64727269059152  -35.60906184007792  22.605327840414613  -49.1283107467301
-19.925096252584034  -51.30277012887169  -40.64727270549268  -35.60906182517676  22.605327840414613  -49.128310746729944
-19.925096252584034  -51.30277012887169  -40.64727270549268  -35.60906184007792  22.605327855315775  -49.12831074674456
-19.925080609505965  -50.966053465497914  -40.4447812605407  -35.066136575579534  22.605306975733676  -49.1283106613494
-19.925080594604804  -50.966053465497914  -40.4447812605407  -35.066136575579534  22.605306975733676  -49.128310661523514
-19.925080609505965  -50.96605345059675  -40.4447812605407  -35.066136575579534  22.605306975733676  -49.1283106613494
-19.925080609505965  -50.966053465497914  -40.44478124563954  -35.066136575579534  22.605306975733676  -49.128310661349204
-19.925080609505965  -50.966053465497914  -40.4447812605407  -35.06613656067837  22.605306975733676  -49.1283106613494
-19.925080609505965  -50.966053465497914  -40.4447812605407  -35.066136575579534  22.605306990634837  -49.128310661363955
-19.92508867637791  -51.139692578829  -40.54920268894967  -35.34611399216464  22.605317735298296  -49.12831072203889
-19.92508866147675  -51.139692578829  -40.54920268894967  -35.34611399216464  22.605317735298296  -49.128310722213385
-19.92508867637791  -51.13969256392784  -40.54920268894967  -35.34611399216464  22.605317735298296  -49.12831072203889
-19.92508867637791  -51.139692578829  -40.54920267404851  -35.34611399216464  22.605317735298296  -49.12831072203898
-19.92508867637791  -51.139692578829  -40.54920268894967  -35.34611397726348  22.605317735298296  -49.12831072203889
-19.92508867637791  -51.139692578829  -40.54920268894967  -35.34611399216464  22.605317750199458  -49.12831072205357
-19.925094439522642  -51.26374405107355  -40.623803576269985  -35.54613580785073  22.60532542215989  -49.12831074323846
-19.92509442462148  -51.26374405107355  -40.623803576269985  -35.54613580785073  22.60532542215989  -49.1283107434128
-19.925094439522642  -51.26374403617239  -40.623803576269985  -35.54613580785073  22.60532542215989  -49.12831074323846
-19.925094439522642  -51.26374405107355  -40.623803561368824  -35.54613580785073  22.60532542215989  -49.128310743238494
-19.925094439522642  -51.26374405107355  -40.623803576269985  -35.54613579294957  22.60532542215989  -49.128310743238444
-19.925094439522642  -51.26374405107355  -40.623803576269985  -35.54613580785073  22.60532543706105  -49.128310743253095
-19.925063048395668  -51.2558579380154  -40.61904918964149  -35.53349142486274  22.605307526435364  -49.12831090672381
-19.925063033494506  -51.2558579380154  -40.61904918964149  -35.53349142486274  22.605307526435364  -49.12831090665582
-19.925063048395668  -51.25585792311424  -40.61904918964149  -35.53349142486274  22.605307526435364  -49.12831090672381
-19.925063048395668  -51.2558579380154  -40.619049174740326  -35.53349142486274  22.605307526435364  -49.12831090672381
-19.925063048395668  -51.2558579380154  -40.61904918964149  -35.53349140996158  22.605307526435364  -49.12831090672381
-19.925063048395668  -51.2558579380154  -40.61904918964149  -35.53349142486274  22.605307541336526  -49.12831090671729
-19.92506976025003  -51.261737375293606  -40.62259112249553  -35.54295439093615  22.60528863392569  -49.12831094870723
-19.925069745348868  -51.261737375293606  -40.62259112249553  -35.54295439093615  22.60528863392569  -49.128310948639545
-19.92506976025003  -51.261737360392445  -40.62259112249553  -35.54295439093615  22.60528863392569  -49.12831094870723
-19.92506976025003  -51.261737375293606  -40.62259110759437  -35.54295439093615  22.60528863392569  -49.12831094870723
-19.92506976025003  -51.261737375293606  -40.62259112249553  -35.54295437603499  22.60528863392569  -49.12831094870722
-19.92506976025003  -51.261737375293606  -40.62259112249553  -35.54295439093615  22.60528864882685  -49.1283109487013
-19.92509660766747  -51.285255124406405  -40.6367588539117  -35.580806255229824  22.605213063886982  -49.12831061277656
-19.92509659276631  -51.285255124406405  -40.6367588539117  -35.580806255229824  22.605213063886982  -49.12831061295197
-19.92509660766747  -51.28525510950524  -40.6367588539117  -35.580806255229824  22.605213063886982  -49.12831061277656
-19.92509660766747  -51.285255124406405  -40.63675883901054  -35.580806255229824  22.605213063886982  -49.12831061277656
-19.92509660766747  -51.285255124406405  -40.6367588539117  -35.58080624032866  22.605213063886982  -49.12831061277656
-19.92509660766747  -51.285255124406405  -40.6367588539117  -35.580806255229824  22.605213078788143  -49.12831061279335
-19.92507252979964  -51.26416344003831  -40.62405264985244  -35.54685914700119  22.605280838204855  -49.12831095566871
-19.925072514898478  -51.26416344003831  -40.62405264985244  -35.54685914700119  22.605280838204855  -49.12831095584333
-19.92507252979964  -51.26416342513715  -40.62405264985244  -35.54685914700119  22.605280838204855  -49.12831095566871
-19.92507252979964  -51.26416344003831  -40.624052634951276  -35.54685914700119  22.605280838204855  -49.12831095566871
-19.92507252979964  -51.26416344003831  -40.62405264985244  -35.54685913210003  22.605280838204855  -49.128310955668695
-19.92507252979964  -51.26416344003831  -40.62405264985244  -35.54685914700119  22.605280853106017  -49.128310955683766
-19.92507071981232  -51.26257793082562  -40.62309749599926  -35.54430726674824  22.605285932952317  -49.12831095465463
-19.92507070491116  -51.26257793082562  -40.62309749599926  -35.54430726674824  22.605285932952317  -49.128310954586766
-19.92507071981232  -51.26257791592446  -40.62309749599926  -35.54430726674824  22.605285932952317  -49.12831095465463
-19.92507071981232  -51.26257793082562  -40.6230974810981  -35.54430726674824  22.605285932952317  -49.12831095465463
-19.92507071981232  -51.26257793082562  -40.62309749599926  -35.54430725184708  22.605285932952317  -49.12831095465463
-19.92507071981232  -51.26257793082562  -40.62309749599926  -35.54430726674824  22.605285947853478  -49.12831095464867
-19.925071847961387  -51.26356616467497  -40.6236928349361  -35.54589783110779  22.60528275744135  -49.12831096162934
-19.925071833060226  -51.26356616467497  -40.6236928349361  -35.54589783110779  22.60528275744135  -49.12831096156175
-19.925071847961387  -51.26356614977381  -40.6236928349361  -35.54589783110779  22.60528275744135  -49.12831096162934
-19.925071847961387  -51.26356616467497  -40.62369282003494  -35.54589783110779  22.60528275744135  -49.12831096162934
-19.925071847961387  -51.26356616467497  -40.6236928349361  -35.545897816206626  22.60528275744135  -49.12831096162934
-19.925071847961387  -51.26356616467497  -40.6236928349361  -35.54589783110779  22.605282772342512  -49.128310961623484
-19.92507205192228  -51.26374482994837  -40.62380046775397  -35.54618539322313  22.605282183332765  -49.12831096238607
-19.92507203702112  -51.26374482994837  -40.62380046775397  -35.54618539322313  22.605282183332765  -49.12831096256046
-19.92507205192228  -51.26374481504721  -40.62380046775397  -35.54618539322313  22.605282183332765  -49.12831096238607
-19.92507205192228  -51.26374482994837  -40.62380045285281  -35.54618539322313  22.605282183332765  -49.12831096238607
-19.92507205192228  -51.26374482994837  -40.62380046775397  -35.54618537832197  22.605282183332765  -49.12831096238607
-19.92507205192228  -51.26374482994837  -40.62380046775397  -35.54618539322313  22.605282198233926  -49.12831096240106
-19.925071904989945  -51.263616120441945  -40.623722929648224  -35.545978235014786  22.605282596917515  -49.12831096198146
-19.925071890088784  -51.263616120441945  -40.623722929648224  -35.545978235014786  22.605282596917515  -49.128310961913726
-19.925071904989945  -51.263616105540784  -40.623722929648224  -35.545978235014786  22.605282596917515  -49.12831096198146
-19.925071904989945  -51.263616120441945  -40.62372291474706  -35.545978235014786  22.605282596917515  -49.12831096198137
-19.925071904989945  -51.263616120441945  -40.623722929648224  -35.545978220113625  22.605282596917515  -49.12831096198145
-19.925071904989945  -51.263616120441945  -40.623722929648224  -35.545978235014786  22.605282611818676  -49.12831096197558
-19.92507200398935  -51.263702841749044  -40.62377517292121  -35.54611781313223  22.60528231825426  -49.12831096259256
-19.925071989088188  -51.263702841749044  -40.62377517292121  -35.54611781313223  22.60528231825426  -49.12831096252475
-19.92507200398935  -51.26370282684788  -40.62377517292121  -35.54611781313223  22.60528231825426  -49.12831096259256
-19.92507200398935  -51.263702841749044  -40.62377515802005  -35.54611781313223  22.60528231825426  -49.12831096259256
-19.92507200398935  -51.263702841749044  -40.62377517292121  -35.546117798231066  22.60528231825426  -49.12831096259256
-19.92507200398935  -51.263702841749044  -40.62377517292121  -35.54611781313223  22.605282333155422  -49.12831096258655
-19.925072017808073  -51.263714946650495  -40.62378246524293  -35.54613729599536  22.605282279357347  -49.12831096267781
-19.925072002906912  -51.263714946650495  -40.62378246524293  -35.54613729599536  22.605282279357347  -49.12831096261017
-19.925072017808073  -51.263714931749334  -40.62378246524293  -35.54613729599536  22.605282279357347  -49.12831096267781
-19.925072017808073  -51.263714946650495  -40.62378245034177  -35.54613729599536  22.605282279357347  -49.12831096267781
-19.925072017808073  -51.263714946650495  -40.62378246524293  -35.5461372810942  22.605282279357347  -49.12831096267781
-19.925072017808073  -51.263714946650495  -40.62378246524293  -35.54613729599536  22.605282294258508  -49.12831096267192
-19.925072031016196  -51.26372651667565  -40.623789435340626  -35.54615591797402  22.60528224217916  -49.1283109626798
-19.925072016115035  -51.26372651667565  -40.623789435340626  -35.54615591797402  22.60528224217916  -49.12831096269169
-19.925072031016196  -51.26372650177449  -40.623789435340626  -35.54615591797402  22.60528224217916  -49.1283109626798
-19.925072031016196  -51.26372651667565  -40.623789420439465  -35.54615591797402  22.60528224217916  -49.1283109626798
-19.925072031016196  -51.26372651667565  -40.623789435340626  -35.54615590307286  22.60528224217916  -49.1283109626798
-19.925072031016196  -51.26372651667565  -40.623789435340626  -35.54615591797402  22.605282257080322  -49.1283109626949
-19.925106252082905  -51.27992893136517  -40.633521135486845  -35.57221553100517  22.605420750154643  -49.12831070226794
-19.925106237181744  -51.27992893136517  -40.633521135486845  -35.57221553100517  22.605420750154643  -49.128310702441595
-19.925106252082905  -51.27992891646401  -40.633521135486845  -35.57221553100517  22.605420750154643  -49.12831070226794
-19.925106252082905  -51.27992893136517  -40.633521120585684  -35.57221553100517  22.605420750154643  -49.12831070226794
-19.925106252082905  -51.27992893136517  -40.633521135486845  -35.57221551610401  22.605420750154643  -49.12831070226794
-19.925106252082905  -51.27992893136517  -40.633521135486845  -35.57221553100517  22.605420765055804  -49.1283107022808
-19.925074858159594  -51.26506506494821  -40.624593411209  -35.54830881003825  22.60529368489402  -49.128310941877494
-19.925074843258432  -51.26506506494821  -40.624593411209  -35.54830881003825  22.60529368489402  -49.128310942051925
-19.925074858159594  -51.26506505004705  -40.624593411209  -35.54830881003825  22.60529368489402  -49.128310941877494
-19.925074858159594  -51.26506506494821  -40.62459339630784  -35.54830881003825  22.60529368489402  -49.128310941877494
-19.925074858159594  -51.26506506494821  -40.624593411209  -35.54830879513709  22.60529368489402  -49.128310941877494
-19.925074858159594  -51.26506506494821  -40.624593411209  -35.54830881003825  22.60529369979518  -49.12831094189236
-19.9250722678893  -51.26383866736616  -40.62385679671312  -35.546336298716746  22.605283200910645  -49.12831096094174
-19.925072252988137  -51.26383866736616  -40.62385679671312  -35.546336298716746  22.605283200910645  -49.128310961116334
-19.9250722678893  -51.263838652465  -40.62385679671312  -35.546336298716746  22.605283200910645  -49.12831096094174
-19.9250722678893  -51.26383866736616  -40.62385678181196  -35.546336298716746  22.605283200910645  -49.12831096094174
-19.9250722678893  -51.26383866736616  -40.62385679671312  -35.546336283815585  22.605283200910645  -49.12831096094174
-19.9250722678893  -51.26383866736616  -40.62385679671312  -35.546336298716746  22.605283215811806  -49.12831096095697
-19.925072050839358  -51.263735902213014  -40.623795072601304  -35.54617101346912  22.605282322412375  -49.128310962534265
-19.925072035938197  -51.263735902213014  -40.623795072601304  -35.54617101346912  22.605282322412375  -49.12831096270906
-19.925072050839358  -51.26373588731185  -40.623795072601304  -35.54617101346912  22.605282322412375  -49.128310962534265
-19.925072050839358  -51.263735902213014  -40.62379505770014  -35.54617101346912  22.605282322412375  -49.128310962534265
-19.925072050839358  -51.263735902213014  -40.623795072601304  -35.54617099856796  22.605282322412375  -49.12831096253425
-19.925072050839358  -51.263735902213014  -40.623795072601304  -35.54617101346912  22.605282337313536  -49.128310962549506
-19.92507203261964  -51.26372727584753  -40.62378989132408  -35.54615713900962  22.605282248669017  -49.128310962668095
-19.925072017718477  -51.26372727584753  -40.62378989132408  -35.54615713900962  22.605282248669017  -49.12831096269676
-19.92507203261964  -51.26372726094637  -40.62378989132408  -35.54615713900962  22.605282248669017  -49.128310962668095
-19.92507203261964  -51.26372727584753  -40.62378987642292  -35.54615713900962  22.605282248669017  -49.128310962668095
-19.92507203261964  -51.26372727584753  -40.62378989132408  -35.54615712410846  22.605282248669017  -49.128310962668095
-19.92507203261964  -51.26372727584753  -40.62378989132408  -35.54615713900962  22.605282263570178  -49.12831096268317
-19.925072031107646  -51.26372655997457  -40.62378946134737  -35.54615598761506  22.605282242549308  -49.128310962679095
-19.925072016206485  -51.26372655997457  -40.62378946134737  -35.54615598761506  22.605282242549308  -49.128310962691856
-19.925072031107646  -51.26372654507341  -40.62378946134737  -35.54615598761506  22.605282242549308  -49.128310962679095
-19.925072031107646  -51.26372655997457  -40.62378944644621  -35.54615598761506  22.605282242549308  -49.128310962679095
-19.925072031107646  -51.26372655997457  -40.62378946134737  -35.5461559727139  22.605282242549308  -49.128310962679095
-19.925072031107646  -51.26372655997457  -40.62378946134737  -35.54615598761506  22.60528225745047  -49.12831096269422
-19.92507203102104  -51.26372651896816  -40.62378943671758  -35.54615592166124  22.605282242198758  -49.12831096267972
-19.925072016119877  -51.26372651896816  -40.62378943671758  -35.54615592166124  22.605282242198758  -49.12831096269162
-19.92507203102104  -51.263726504067  -40.62378943671758  -35.54615592166124  22.605282242198758  -49.12831096267972
-19.92507203102104  -51.26372651896816  -40.62378942181642  -35.54615592166124  22.605282242198758  -49.12831096267972
-19.92507203102104  -51.26372651896816  -40.62378943671758  -35.54615590676008  22.605282242198758  -49.128310962679706
-19.92507203102104  -51.26372651896816  -40.62378943671758  -35.54615592166124  22.60528225709992  -49.128310962694805
-19.925072031016335  -51.26372651674168  -40.62378943538028  -35.54615591808021  22.605282242179726  -49.12831096267985
-19.925072016115173  -51.26372651674168  -40.62378943538028  -35.54615591808021  22.605282242179726  -49.12831096269159
-19.925072031016335  -51.263726501840516  -40.62378943538028  -35.54615591808021  22.605282242179726  -49.12831096267985
-19.925072031016335  -51.26372651674168  -40.62378942047912  -35.54615591808021  22.605282242179726  -49.12831096267985
-19.925072031016335  -51.26372651674168  -40.62378943538028  -35.54615590317905  22.605282242179726  -49.12831096267983
-19.925072031016335  -51.26372651674168  -40.62378943538028  -35.54615591808021  22.605282257080887  -49.12831096269498
-19.925072031016438  -51.26372651679086  -40.62378943540982  -35.546155918159315  22.605282242180145  -49.12831096267991
-19.925072016115276  -51.26372651679086  -40.62378943540982  -35.546155918159315  22.605282242180145  -49.12831096269163
-19.925072031016438  -51.2637265018897  -40.62378943540982  -35.546155918159315  22.605282242180145  -49.12831096267991
-19.925072031016438  -51.26372651679086  -40.62378942050866  -35.546155918159315  22.605282242180145  -49.12831096267991
-19.925072031016438  -51.26372651679086  -40.62378943540982  -35.54615590325815  22.605282242180145  -49.12831096267991
-19.925072031016438  -51.26372651679086  -40.62378943540982  -35.546155918159315  22.605282257081306  -49.128310962694954
-19.92507203101874  -51.26372651787951  -40.6237894360637  -35.54615591991028  22.605282242189453  -49.12831096267979
-19.92507201611758  -51.26372651787951  -40.6237894360637  -35.54615591991028  22.605282242189453  -49.12831096269151
-19.92507203101874  -51.26372650297835  -40.6237894360637  -35.54615591991028  22.605282242189453  -49.12831096267979
-19.92507203101874  -51.26372651787951  -40.62378942116254  -35.54615591991028  22.605282242189453  -49.12831096267979
-19.92507203101874  -51.26372651787951  -40.6237894360637  -35.546155905009115  22.605282242189453  -49.12831096267978
-19.92507203101874  -51.26372651787951  -40.6237894360637  -35.54615591991028  22.605282257090614  -49.12831096269477
-19.925072031016462  -51.26372651680164  -40.6237894354163  -35.54615591817666  22.605282242180238  -49.128310962679805
-19.9250720161153  -51.26372651680164  -40.6237894354163  -35.54615591817666  22.605282242180238  -49.12831096269151
-19.925072031016462  -51.26372650190048  -40.6237894354163  -35.54615591817666  22.605282242180238  -49.128310962679805
-19.925072031016462  -51.26372651680164  -40.62378942051514  -35.54615591817666  22.605282242180238  -49.128310962679805
-19.925072031016462  -51.26372651680164  -40.6237894354163  -35.5461559032755  22.605282242180238  -49.12831096267979
-19.925072031016462  -51.26372651680164  -40.6237894354163  -35.54615591817666  22.6052822570814  -49.1283109626948
-19.925072031016438  -51.26372651679086  -40.62378943540982  -35.546155918159315  22.605282242180145  -49.12831096267991
-19.925072016115276  -51.26372651679086  -40.62378943540982  -35.546155918159315  22.605282242180145  -49.12831096269163
-19.925072031016438  -51.2637265018897  -40.62378943540982  -35.546155918159315  22.605282242180145  -49.12831096267991
-19.925072031016438  -51.26372651679086  -40.62378942050866  -35.546155918159315  22.605282242180145  -49.12831096267991
-19.925072031016438  -51.26372651679086  -40.62378943540982  -35.54615590325815  22.605282242180145  -49.12831096267991
-19.925072031016438  -51.26372651679086  -40.62378943540982  -35.546155918159315  22.605282257081306  -49.128310962694954
-19.925072031016438  -51.26372651679086  -40.623789435409826  -35.546155918159315  22.605282242180145  -49.12831096267991
-19.925072016115276  -51.26372651679086  -40.623789435409826  -35.546155918159315  22.605282242180145  -49.12831096269163
-19.925072031016438  -51.2637265018897  -40.623789435409826  -35.546155918159315  22.605282242180145  -49.12831096267991
-19.925072031016438  -51.26372651679086  -40.623789420508665  -35.546155918159315  22.605282242180145  -49.12831096267991
-19.925072031016438  -51.26372651679086  -40.623789435409826  -35.54615590325815  22.605282242180145  -49.12831096267991
-19.925072031016438  -51.26372651679086  -40.623789435409826  -35.546155918159315  22.605282257081306  -49.128310962694954
-19.92507203101645  -51.263726516796254  -40.62378943541306  -35.54615591816798  22.60528224218019  -49.12831096267982
-19.92507201611529  -51.263726516796254  -40.62378943541306  -35.54615591816798  22.60528224218019  -49.12831096269171
-19.92507203101645  -51.26372650189509  -40.62378943541306  -35.54615591816798  22.60528224218019  -49.12831096267982
-19.92507203101645  -51.263726516796254  -40.6237894205119  -35.54615591816798  22.60528224218019  -49.12831096267982
-19.92507203101645  -51.263726516796254  -40.62378943541306  -35.54615590326682  22.60528224218019  -49.12831096267982
-19.92507203101645  -51.263726516796254  -40.62378943541306  -35.54615591816798  22.605282257081353  -49.128310962694925
-19.925072031016438  -51.26372651679086  -40.623789435409826  -35.546155918159315  22.605282242180145  -49.12831096267991
-19.925072016115276  -51.26372651679086  -40.623789435409826  -35.546155918159315  22.605282242180145  -49.12831096269163
-19.925072031016438  -51.2637265018897  -40.623789435409826  -35.546155918159315  22.605282242180145  -49.12831096267991
-19.925072031016438  -51.26372651679086  -40.623789420508665  -35.546155918159315  22.605282242180145  -49.12831096267991
-19.925072031016438  -51.26372651679086  -40.623789435409826  -35.54615590325815  22.605282242180145  -49.12831096267991
-19.925072031016438  -51.26372651679086  -40.623789435409826  -35.546155918159315  22.605282257081306  -49.128310962694954
-19.925072031016445  -51.263726516793554  -40.62378943541144  -35.54615591816365  22.60528224218017  -49.12831096267968
-19.925072016115283  -51.263726516793554  -40.62378943541144  -35.54615591816365  22.60528224218017  -49.128310962691536
-19.925072031016445  -51.26372650189239  -40.62378943541144  -35.54615591816365  22.60528224218017  -49.12831096267968
-19.925072031016445  -51.263726516793554  -40.62378942051028  -35.54615591816365  22.60528224218017  -49.12831096267968
-19.925072031016445  -51.263726516793554  -40.62378943541144  -35.54615590326249  22.60528224218017  -49.12831096267968
-19.925072031016445  -51.263726516793554  -40.62378943541144  -35.54615591816365  22.60528225708133  -49.128310962694975
-19.925072031016438  -51.26372651679086  -40.623789435409826  -35.546155918159315  22.605282242180145  -49.12831096267991
-19.925072016115276  -51.26372651679086  -40.623789435409826  -35.546155918159315  22.605282242180145  -49.12831096269163
-19.925072031016438  -51.2637265018897  -40.623789435409826  -35.546155918159315  22.605282242180145  -49.12831096267991
-19.925072031016438  -51.26372651679086  -40.623789420508665  -35.546155918159315  22.605282242180145  -49.12831096267991
-19.925072031016438  -51.26372651679086  -40.623789435409826  -35.54615590325815  22.605282242180145  -49.12831096267991
-19.925072031016438  -51.26372651679086  -40.623789435409826  -35.546155918159315  22.605282257081306  -49.128310962694954
-19.92507203101644  -51.26372651679221  -40.623789435410636  -35.54615591816148  22.605282242180156  -49.12831096267991
-19.92507201611528  -51.26372651679221  -40.623789435410636  -35.54615591816148  22.605282242180156  -49.128310962691565
-19.92507203101644  -51.26372650189105  -40.623789435410636  -35.54615591816148  22.605282242180156  -49.12831096267991
-19.92507203101644  -51.26372651679221  -40.623789420509475  -35.54615591816148  22.605282242180156  -49.12831096267991
-19.92507203101644  -51.26372651679221  -40.623789435410636  -35.54615590326032  22.605282242180156  -49.12831096267991
-19.92507203101644  -51.26372651679221  -40.623789435410636  -35.54615591816148  22.605282257081317  -49.12831096269483
-19.925072031016445  -51.2637265167931  -40.62378943541117  -35.54615591816292  22.605282242180166  -49.1283109626798
-19.925072016115283  -51.2637265167931  -40.62378943541117  -35.54615591816292  22.605282242180166  -49.12831096269141
-19.925072031016445  -51.26372650189194  -40.62378943541117  -35.54615591816292  22.605282242180166  -49.1283109626798
-19.925072031016445  -51.2637265167931  -40.62378942051001  -35.54615591816292  22.605282242180166  -49.1283109626798
-19.925072031016445  -51.2637265167931  -40.62378943541117  -35.546155903261756  22.605282242180166  -49.1283109626798
-19.925072031016445  -51.2637265167931  -40.62378943541117  -35.54615591816292  22.605282257081328  -49.12831096269486
-19.92507203101644  -51.26372651679221  -40.623789435410636  -35.54615591816148  22.605282242180156  -49.12831096267991
-19.92507201611528  -51.26372651679221  -40.623789435410636  -35.54615591816148  22.605282242180156  -49.128310962691565
-19.92507203101644  -51.26372650189105  -40.623789435410636  -35.54615591816148  22.605282242180156  -49.12831096267991
-19.92507203101644  -51.26372651679221  -40.623789420509475  -35.54615591816148  22.605282242180156  -49.12831096267991
-19.92507203101644  -51.26372651679221  -40.623789435410636  -35.54615590326032  22.605282242180156  -49.12831096267991
-19.92507203101644  -51.26372651679221  -40.623789435410636  -35.54615591816148  22.605282257081317  -49.12831096269483
-19.925072031016445  -51.26372651679265  -40.6237894354109  -35.5461559181622  22.605282242180163  -49.128310962679855
-19.925072016115283  -51.26372651679265  -40.6237894354109  -35.5461559181622  22.605282242180163  -49.12831096269165
-19.925072031016445  -51.26372650189149  -40.6237894354109  -35.5461559181622  22.605282242180163  -49.128310962679855
-19.925072031016445  -51.26372651679265  -40.62378942050974  -35.5461559181622  22.605282242180163  -49.128310962679855
-19.925072031016445  -51.26372651679265  -40.6237894354109  -35.54615590326104  22.605282242180163  -49.128310962679855
-19.925072031016445  -51.26372651679265  -40.6237894354109  -35.5461559181622  22.605282257081324  -49.12831096269491
-19.92507203101644  -51.26372651679221  -40.623789435410636  -35.54615591816148  22.605282242180156  -49.12831096267991
-19.92507201611528  -51.26372651679221  -40.623789435410636  -35.54615591816148  22.605282242180156  -49.128310962691565
-19.92507203101644  -51.26372650189105  -40.623789435410636  -35.54615591816148  22.605282242180156  -49.12831096267991
-19.92507203101644  -51.26372651679221  -40.623789420509475  -35.54615591816148  22.605282242180156  -49.12831096267991
-19.92507203101644  -51.26372651679221  -40.623789435410636  -35.54615590326032  22.605282242180156  -49.12831096267991
-19.92507203101644  -51.26372651679221  -40.623789435410636  -35.54615591816148  22.605282257081317  -49.12831096269483
-19.92507203101644  -51.26372651679243  -40.623789435410764  -35.546155918161844  22.60528224218016  -49.12831096267974
-19.92507201611528  -51.26372651679243  -40.623789435410764  -35.546155918161844  22.60528224218016  -49.1283109626916
-19.92507203101644  -51.26372650189127  -40.623789435410764  -35.546155918161844  22.60528224218016  -49.12831096267974
-19.92507203101644  -51.26372651679243  -40.6237894205096  -35.546155918161844  22.60528224218016  -49.12831096267974
-19.92507203101644  -51.26372651679243  -40.623789435410764  -35.54615590326068  22.60528224218016  -49.12831096267974
-19.92507203101644  -51.26372651679243  -40.623789435410764  -35.546155918161844  22.60528225708132  -49.12831096269482
-19.92507203101644  -51.26372651679221  -40.623789435410636  -35.54615591816148  22.605282242180156  -49.12831096267991
-19.92507201611528  -51.26372651679221  -40.623789435410636  -35.54615591816148  22.605282242180156  -49.128310962691565
-19.92507203101644  -51.26372650189105  -40.623789435410636  -35.54615591816148  22.605282242180156  -49.12831096267991
-19.92507203101644  -51.26372651679221  -40.623789420509475  -35.54615591816148  22.605282242180156  -49.12831096267991
-19.92507203101644  -51.26372651679221  -40.623789435410636  -35.54615590326032  22.605282242180156  -49.12831096267991
-19.92507203101644  -51.26372651679221  -40.623789435410636  -35.54615591816148  22.605282257081317  -49.12831096269483
-19.92507203101644  -51.26372651679232  -40.6237894354107  -35.54615591816166  22.60528224218016  -49.12831096267974
-19.92507201611528  -51.26372651679232  -40.6237894354107  -35.54615591816166  22.60528224218016  -49.1283109626916
-19.92507203101644  -51.263726501891156  -40.6237894354107  -35.54615591816166  22.60528224218016  -49.12831096267974
-19.92507203101644  -51.26372651679232  -40.62378942050954  -35.54615591816166  22.60528224218016  -49.12831096267974
-19.92507203101644  -51.26372651679232  -40.6237894354107  -35.5461559032605  22.60528224218016  -49.12831096267974
-19.92507203101644  -51.26372651679232  -40.6237894354107  -35.54615591816166  22.60528225708132  -49.12831096269482
-19.92507203101644  -51.26372651679221  -40.623789435410636  -35.54615591816148  22.605282242180156  -49.12831096267991
-19.92507201611528  -51.26372651679221  -40.623789435410636  -35.54615591816148  22.605282242180156  -49.128310962691565
-19.92507203101644  -51.26372650189105  -40.623789435410636  -35.54615591816148  22.605282242180156  -49.12831096267991
-19.92507203101644  -51.26372651679221  -40.623789420509475  -35.54615591816148  22.605282242180156  -49.12831096267991
-19.92507203101644  -51.26372651679221  -40.623789435410636  -35.54615590326032  22.605282242180156  -49.12831096267991
-19.92507203101644  -51.26372651679221  -40.623789435410636  -35.54615591816148  22.605282257081317  -49.12831096269483
-19.92507203101644  -51.26372651679226  -40.623789435410664  -35.546155918161574  22.60528224218016  -49.12831096267974
-19.92507201611528  -51.26372651679226  -40.623789435410664  -35.546155918161574  22.60528224218016  -49.1283109626916
-19.92507203101644  -51.2637265018911  -40.623789435410664  -35.546155918161574  22.60528224218016  -49.12831096267974
-19.92507203101644  -51.26372651679226  -40.6237894205095  -35.546155918161574  22.60528224218016  -49.12831096267974
-19.92507203101644  -51.26372651679226  -40.623789435410664  -35.54615590326041  22.60528224218016  -49.12831096267974
-19.92507203101644  -51.26372651679226  -40.623789435410664  -35.546155918161574  22.60528225708132  -49.12831096269482
-19.92507203101644  -51.26372651679221  -40.623789435410636  -35.54615591816148  22.605282242180156  -49.12831096267991
-19.92507201611528  -51.26372651679221  -40.623789435410636  -35.54615591816148  22.605282242180156  -49.128310962691565
-19.92507203101644  -51.26372650189105  -40.623789435410636  -35.54615591816148  22.605282242180156  -49.12831096267991
-19.92507203101644  -51.26372651679221  -40.623789420509475  -35.54615591816148  22.605282242180156  -49.12831096267991
-19.92507203101644  -51.26372651679221  -40.623789435410636  -35.54615590326032  22.605282242180156  -49.12831096267991
-19.92507203101644  -51.26372651679221  -40.623789435410636  -35.54615591816148  22.605282257081317  -49.12831096269483
-19.92507203101644  -51.26372651679224  -40.62378943541065  -35.54615591816153  22.60528224218016  -49.12831096267974
-19.92507201611528  -51.26372651679224  -40.62378943541065  -35.54615591816153  22.60528224218016  -49.1283109626916
-19.92507203101644  -51.26372650189108  -40.62378943541065  -35.54615591816153  22.60528224218016  -49.12831096267974
-19.92507203101644  -51.26372651679224  -40.62378942050949  -35.54615591816153  22.60528224218016  -49.12831096267974
-19.92507203101644  -51.26372651679224  -40.62378943541065  -35.54615590326037  22.60528224218016  -49.12831096267974
-19.92507203101644  -51.26372651679224  -40.62378943541065  -35.54615591816153  22.60528225708132  -49.12831096269482
-19.92507203101644  -51.26372651679221  -40.623789435410636  -35.54615591816148  22.605282242180156  -49.12831096267991
-19.92507201611528  -51.26372651679221  -40.623789435410636  -35.54615591816148  22.605282242180156  -49.128310962691565
-19.92507203101644  -51.26372650189105  -40.623789435410636  -35.54615591816148  22.605282242180156  -49.12831096267991
-19.92507203101644  -51.26372651679221  -40.623789420509475  -35.54615591816148  22.605282242180156  -49.12831096267991
-19.92507203101644  -51.26372651679221  -40.623789435410636  -35.54615590326032  22.605282242180156  -49.12831096267991
-19.92507203101644  -51.26372651679221  -40.623789435410636  -35.54615591816148  22.605282257081317  -49.12831096269483
-19.92507203101644  -51.263726516792225  -40.62378943541064  -35.5461559181615  22.605282242180156  -49.12831096267991
-19.92507201611528  -51.263726516792225  -40.62378943541064  -35.5461559181615  22.605282242180156  -49.128310962691565
-19.92507203101644  -51.263726501891064  -40.62378943541064  -35.5461559181615  22.605282242180156  -49.12831096267991
-19.92507203101644  -51.263726516792225  -40.62378942050948  -35.5461559181615  22.605282242180156  -49.12831096267991
-19.92507203101644  -51.263726516792225  -40.62378943541064  -35.54615590326034  22.605282242180156  -49.12831096267991
-19.92507203101644  -51.263726516792225  -40.62378943541064  -35.5461559181615  22.605282257081317  -49.12831096269483
-19.92507203101644  -51.26372651679223  -40.62378943541064  -35.54615591816152  22.60528224218016  -49.12831096267974
-19.92507201611528  -51.26372651679223  -40.62378943541064  -35.54615591816152  22.60528224218016  -49.1283109626916
-19.92507203101644  -51.26372650189107  -40.62378943541064  -35.54615591816152  22.60528224218016  -49.12831096267974
-19.92507203101644  -51.26372651679223  -40.62378942050948  -35.54615591816152  22.60528224218016  -49.12831096267974
-19.92507203101644  -51.26372651679223  -40.62378943541064  -35.546155903260356  22.60528224218016  -49.12831096267974
-19.92507203101644  -51.26372651679223  -40.62378943541064  -35.54615591816152  22.60528225708132  -49.12831096269482
-19.92507203101644  -51.263726516792225  -40.62378943541064  -35.5461559181615  22.605282242180156  -49.12831096267991
-19.92507201611528  -51.263726516792225  -40.62378943541064  -35.5461559181615  22.605282242180156  -49.128310962691565
-19.92507203101644  -51.263726501891064  -40.62378943541064  -35.5461559181615  22.605282242180156  -49.12831096267991
-19.92507203101644  -51.263726516792225  -40.62378942050948  -35.5461559181615  22.605282242180156  -49.12831096267991
-19.92507203101644  -51.263726516792225  -40.62378943541064  -35.54615590326034  22.605282242180156  -49.12831096267991
-19.92507203101644  -51.263726516792225  -40.62378943541064  -35.5461559181615  22.605282257081317  -49.12831096269483
-19.92507203101644  -51.263726516792225  -40.62378943541064  -35.54615591816151  22.605282242180156  -49.12831096267991
-19.92507201611528  -51.263726516792225  -40.62378943541064  -35.54615591816151  22.605282242180156  -49.128310962691565
-19.92507203101644  -51.263726501891064  -40.62378943541064  -35.54615591816151  22.605282242180156  -49.12831096267991
-19.92507203101644  -51.263726516792225  -40.62378942050948  -35.54615591816151  22.605282242180156  -49.12831096267991
-19.92507203101644  -51.263726516792225  -40.62378943541064  -35.54615590326035  22.605282242180156  -49.12831096267991
-19.92507203101644  -51.263726516792225  -40.62378943541064  -35.54615591816151  22.605282257081317  -49.12831096269483
-19.92507203101644  -51.263726516792225  -40.62378943541064  -35.54615591816152  22.60528224218016  -49.12831096267974
-19.92507201611528  -51.263726516792225  -40.62378943541064  -35.54615591816152  22.60528224218016  -49.1283109626916
-19.92507203101644  -51.263726501891064  -40.62378943541064  -35.54615591816152  22.60528224218016  -49.12831096267974
-19.92507203101644  -51.263726516792225  -40.62378942050948  -35.54615591816152  22.60528224218016  -49.12831096267974
-19.92507203101644  -51.263726516792225  -40.62378943541064  -35.546155903260356  22.60528224218016  -49.12831096267974
-19.92507203101644  -51.263726516792225  -40.62378943541064  -35.54615591816152  22.60528225708132  -49.12831096269482
-19.92507203101644  -51.263726516792225  -40.62378943541064  -35.54615591816151  22.605282242180156  -49.12831096267991
-19.92507201611528  -51.263726516792225  -40.62378943541064  -35.54615591816151  22.605282242180156  -49.128310962691565
-19.92507203101644  -51.263726501891064  -40.62378943541064  -35.54615591816151  22.605282242180156  -49.12831096267991
-19.92507203101644  -51.263726516792225  -40.62378942050948  -35.54615591816151  22.605282242180156  -49.12831096267991
-19.92507203101644  -51.263726516792225  -40.62378943541064  -35.54615590326035  22.605282242180156  -49.12831096267991
-19.92507203101644  -51.263726516792225  -40.62378943541064  -35.54615591816151  22.605282257081317  -49.12831096269483
-19.92507203101644  -51.263726516792225  -40.62378943541064  -35.54615591816151  22.60528224218016  -49.12831096267974
-19.92507201611528  -51.263726516792225  -40.62378943541064  -35.54615591816151  22.60528224218016  -49.1283109626916
-19.92507203101644  -51.263726501891064  -40.62378943541064  -35.54615591816151  22.60528224218016  -49.12831096267974
-19.92507203101644  -51.263726516792225  -40.62378942050948  -35.54615591816151  22.60528224218016  -49.12831096267974
-19.92507203101644  -51.263726516792225  -40.62378943541064  -35.54615590326035  22.60528224218016  -49.12831096267974
-19.92507203101644  -51.263726516792225  -40.62378943541064  -35.54615591816151  22.60528225708132  -49.12831096269482
-19.92507203101644  -51.263726516792225  -40.62378943541064  -35.54615591816151  22.605282242180156  -49.12831096267991
-19.92507201611528  -51.263726516792225  -40.62378943541064  -35.54615591816151  22.605282242180156  -49.128310962691565
-19.92507203101644  -51.263726501891064  -40.62378943541064  -35.54615591816151  22.605282242180156  -49.12831096267991
-19.92507203101644  -51.263726516792225  -40.62378942050948  -35.54615591816151  22.605282242180156  -49.12831096267991
-19.92507203101644  -51.263726516792225  -40.62378943541064  -35.54615590326035  22.605282242180156  -49.12831096267991
-19.92507203101644  -51.263726516792225  -40.62378943541064  -35.54615591816151  22.605282257081317  -49.12831096269483
-19.92507203101644  -51.263726516792225  -40.62378943541064  -35.54615591816151  22.60528224218016  -49.12831096267974
-19.92507201611528  -51.263726516792225  -40.62378943541064  -35.54615591816151  22.60528224218016  -49.1283109626916
-19.92507203101644  -51.263726501891064  -40.62378943541064  -35.54615591816151  22.60528224218016  -49.12831096267974
-19.92507203101644  -51.263726516792225  -40.62378942050948  -35.54615591816151  22.60528224218016  -49.12831096267974
-19.92507203101644  -51.263726516792225  -40.62378943541064  -35.54615590326035  22.60528224218016  -49.12831096267974
-19.92507203101644  -51.263726516792225  -40.62378943541064  -35.54615591816151  22.60528225708132  -49.12831096269482
-19.92507203101644  -51.263726516792225  -40.62378943541064  -35.54615591816151  22.605282242180156  -49.12831096267991
-19.92507201611528  -51.263726516792225  -40.62378943541064  -35.54615591816151  22.605282242180156  -49.128310962691565
-19.92507203101644  -51.263726501891064  -40.62378943541064  -35.54615591816151  22.605282242180156  -49.12831096267991
-19.92507203101644  -51.263726516792225  -40.62378942050948  -35.54615591816151  22.605282242180156  -49.12831096267991
-19.92507203101644  -51.263726516792225  -40.62378943541064  -35.54615590326035  22.605282242180156  -49.12831096267991
-19.92507203101644  -51.263726516792225  -40.62378943541064  -35.54615591816151  22.605282257081317  -49.12831096269483
-19.92507203101644  -51.263726516792225  -40.62378943541064  -35.54615591816151  22.60528224218016  -49.12831096267974
-19.92507201611528  -51.263726516792225  -40.62378943541064  -35.54615591816151  22.60528224218016  -49.1283109626916
-19.92507203101644  -51.263726501891064  -40.62378943541064  -35.54615591816151  22.60528224218016  -49.12831096267974
-19.92507203101644  -51.263726516792225  -40.62378942050948  -35.54615591816151  22.60528224218016  -49.12831096267974
-19.92507203101644  -51.263726516792225  -40.62378943541064  -35.54615590326035  22.60528224218016  -49.12831096267974
-19.92507203101644  -51.263726516792225  -40.62378943541064  -35.54615591816151  22.60528225708132  -49.12831096269482
-19.92507203101644  -51.263726516792225  -40.62378943541064  -35.54615591816151  22.605282242180156  -49.12831096267991
-19.92507201611528  -51.263726516792225  -40.62378943541064  -35.54615591816151  22.605282242180156  -49.128310962691565
-19.92507203101644  -51.263726501891064  -40.62378943541064  -35.54615591816151  22.605282242180156  -49.12831096267991
-19.92507203101644  -51.263726516792225  -40.62378942050948  -35.54615591816151  22.605282242180156  -49.12831096267991
-19.92507203101644  -51.263726516792225  -40.62378943541064  -35.54615590326035  22.605282242180156  -49.12831096267991
-19.92507203101644  -51.263726516792225  -40.62378943541064  -35.54615591816151  22.605282257081317  -49.12831096269483
-19.925106252082905  -51.27992893136517  -40.633521135486845  -35.57221553100517  22.605420750154643  -49.12831070226794
-19.92507720991239  -51.26617853327962  -40.62526219670371  -35.55009968839774  22.60530320349031  -49.12831092447559
-19.925072831856  -51.264105684827435  -40.624017176132895  -35.54676576382098  22.605285483536335  -49.12831095680021
-19.925072155262907  -51.26378534291643  -40.62382476830469  -35.54625053282619  22.60528274506121  -49.128310961768285
-19.92507205030241  -51.263735647988746  -40.6237949199059  -35.54617060458032  22.605282320239112  -49.128310962538336
-19.925072034010306  -51.26372793427697  -40.62379028679834  -35.546158198013295  22.60528225429767  -49.1283109626578
-19.925072031480482  -51.26372673649762  -40.62378956737288  -35.546156271530904  22.60528224405833  -49.12831096267623
-19.925072031085993  -51.263726549721916  -40.623789455189296  -35.54615597112492  22.60528224246166  -49.12831096267931
-19.92507203102736  -51.263726521960244  -40.62378943851472  -35.54615592647364  22.605282242224337  -49.1283109626797
-19.925072031017706  -51.26372651739012  -40.62378943576976  -35.546155919123144  22.605282242185268  -49.128310962679706
-19.92507203101695  -51.263726517032886  -40.62378943555519  -35.546155918548585  22.605282242182216  -49.128310962679734
-19.925072031016573  -51.26372651685427  -40.62378943544791  -35.5461559182613  22.60528224218069  -49.12831096267974
